# transform oracle - regenerate with gen_transform_oracle
# tol: rtol=1e-12 atol=1e-12  equiv_rtol=1e-9 equiv_atol=1e-9

[simplify_fixtures/box_parallel_merge.map  nin=2 nout=2 dir=forward]
  -1000 -1000  BAD BAD
  1000 1000  BAD BAD
  0 0  0 0
  0 0  0 0
  0 -333.33333333333337  0 BAD
  -500 333.33333333333326  BAD BAD
  500 -777.77777777777783  BAD BAD
  -750 -111.11111111111116  BAD BAD
  250 555.55555555555532  BAD BAD
  -250 -555.55555555555554  BAD BAD
  750 111.11111111111116  BAD BAD
  -875 777.77777777777771  BAD BAD
  125 -925.92592592592598  BAD BAD
  -375 -259.2592592592593  BAD BAD
  625 407.40740740740745  BAD BAD
  -625 -703.7037037037037  BAD BAD
  375 -37.037037037037088  BAD BAD
  -125 629.62962962962933  BAD BAD
  875 -481.48148148148152  BAD BAD
  -937.5 185.18518518518511  BAD BAD
  62.5 851.85185185185162  BAD BAD
  -437.5 -851.85185185185185  BAD BAD
  562.5 -185.18518518518522  BAD BAD
  -687.5 481.48148148148141  BAD BAD

[simplify_fixtures/box_parallel_merge.map  nin=2 nout=2 dir=inverse]
  BAD BAD  BAD BAD
  BAD BAD  BAD BAD
  0 0  0 0
  0 0  0 0
  0 BAD  0 BAD
  BAD BAD  BAD BAD
  BAD BAD  BAD BAD
  BAD BAD  BAD BAD
  BAD BAD  BAD BAD
  BAD BAD  BAD BAD
  BAD BAD  BAD BAD
  BAD BAD  BAD BAD
  BAD BAD  BAD BAD
  BAD BAD  BAD BAD
  BAD BAD  BAD BAD
  BAD BAD  BAD BAD
  BAD BAD  BAD BAD
  BAD BAD  BAD BAD
  BAD BAD  BAD BAD
  BAD BAD  BAD BAD
  BAD BAD  BAD BAD
  BAD BAD  BAD BAD
  BAD BAD  BAD BAD
  BAD BAD  BAD BAD

[simplify_fixtures/box_parallel_merge.simp  nin=2 nout=2 dir=forward]
  -1000 -1000  BAD BAD
  1000 1000  BAD BAD
  0 0  0 0
  0 0  0 0
  0 -333.33333333333337  BAD BAD
  -500 333.33333333333326  BAD BAD
  500 -777.77777777777783  BAD BAD
  -750 -111.11111111111116  BAD BAD
  250 555.55555555555532  BAD BAD
  -250 -555.55555555555554  BAD BAD
  750 111.11111111111116  BAD BAD
  -875 777.77777777777771  BAD BAD
  125 -925.92592592592598  BAD BAD
  -375 -259.2592592592593  BAD BAD
  625 407.40740740740745  BAD BAD
  -625 -703.7037037037037  BAD BAD
  375 -37.037037037037088  BAD BAD
  -125 629.62962962962933  BAD BAD
  875 -481.48148148148152  BAD BAD
  -937.5 185.18518518518511  BAD BAD
  62.5 851.85185185185162  BAD BAD
  -437.5 -851.85185185185185  BAD BAD
  562.5 -185.18518518518522  BAD BAD
  -687.5 481.48148148148141  BAD BAD

[simplify_fixtures/box_parallel_merge.simp  nin=2 nout=2 dir=inverse]
  BAD BAD  BAD BAD
  BAD BAD  BAD BAD
  0 0  0 0
  0 0  0 0
  BAD BAD  BAD BAD
  BAD BAD  BAD BAD
  BAD BAD  BAD BAD
  BAD BAD  BAD BAD
  BAD BAD  BAD BAD
  BAD BAD  BAD BAD
  BAD BAD  BAD BAD
  BAD BAD  BAD BAD
  BAD BAD  BAD BAD
  BAD BAD  BAD BAD
  BAD BAD  BAD BAD
  BAD BAD  BAD BAD
  BAD BAD  BAD BAD
  BAD BAD  BAD BAD
  BAD BAD  BAD BAD
  BAD BAD  BAD BAD
  BAD BAD  BAD BAD
  BAD BAD  BAD BAD
  BAD BAD  BAD BAD
  BAD BAD  BAD BAD

[simplify_fixtures/box_self_simplify.map  nin=2 nout=2 dir=forward]
  -1000 -1000  BAD BAD
  1000 1000  BAD BAD
  0 0  0 0
  0 0  0 0
  0 -333.33333333333337  BAD BAD
  -500 333.33333333333326  BAD BAD
  500 -777.77777777777783  BAD BAD
  -750 -111.11111111111116  BAD BAD
  250 555.55555555555532  BAD BAD
  -250 -555.55555555555554  BAD BAD
  750 111.11111111111116  BAD BAD
  -875 777.77777777777771  BAD BAD
  125 -925.92592592592598  BAD BAD
  -375 -259.2592592592593  BAD BAD
  625 407.40740740740745  BAD BAD
  -625 -703.7037037037037  BAD BAD
  375 -37.037037037037088  BAD BAD
  -125 629.62962962962933  BAD BAD
  875 -481.48148148148152  BAD BAD
  -937.5 185.18518518518511  BAD BAD
  62.5 851.85185185185162  BAD BAD
  -437.5 -851.85185185185185  BAD BAD
  562.5 -185.18518518518522  BAD BAD
  -687.5 481.48148148148141  BAD BAD

[simplify_fixtures/box_self_simplify.map  nin=2 nout=2 dir=inverse]
  BAD BAD  BAD BAD
  BAD BAD  BAD BAD
  0 0  0 0
  0 0  0 0
  BAD BAD  BAD BAD
  BAD BAD  BAD BAD
  BAD BAD  BAD BAD
  BAD BAD  BAD BAD
  BAD BAD  BAD BAD
  BAD BAD  BAD BAD
  BAD BAD  BAD BAD
  BAD BAD  BAD BAD
  BAD BAD  BAD BAD
  BAD BAD  BAD BAD
  BAD BAD  BAD BAD
  BAD BAD  BAD BAD
  BAD BAD  BAD BAD
  BAD BAD  BAD BAD
  BAD BAD  BAD BAD
  BAD BAD  BAD BAD
  BAD BAD  BAD BAD
  BAD BAD  BAD BAD
  BAD BAD  BAD BAD
  BAD BAD  BAD BAD

[simplify_fixtures/box_self_simplify.simp  nin=2 nout=2 dir=forward]
  -1000 -1000  BAD BAD
  1000 1000  BAD BAD
  0 0  0 0
  0 0  0 0
  0 -333.33333333333337  BAD BAD
  -500 333.33333333333326  BAD BAD
  500 -777.77777777777783  BAD BAD
  -750 -111.11111111111116  BAD BAD
  250 555.55555555555532  BAD BAD
  -250 -555.55555555555554  BAD BAD
  750 111.11111111111116  BAD BAD
  -875 777.77777777777771  BAD BAD
  125 -925.92592592592598  BAD BAD
  -375 -259.2592592592593  BAD BAD
  625 407.40740740740745  BAD BAD
  -625 -703.7037037037037  BAD BAD
  375 -37.037037037037088  BAD BAD
  -125 629.62962962962933  BAD BAD
  875 -481.48148148148152  BAD BAD
  -937.5 185.18518518518511  BAD BAD
  62.5 851.85185185185162  BAD BAD
  -437.5 -851.85185185185185  BAD BAD
  562.5 -185.18518518518522  BAD BAD
  -687.5 481.48148148148141  BAD BAD

[simplify_fixtures/box_self_simplify.simp  nin=2 nout=2 dir=inverse]
  BAD BAD  BAD BAD
  BAD BAD  BAD BAD
  0 0  0 0
  0 0  0 0
  BAD BAD  BAD BAD
  BAD BAD  BAD BAD
  BAD BAD  BAD BAD
  BAD BAD  BAD BAD
  BAD BAD  BAD BAD
  BAD BAD  BAD BAD
  BAD BAD  BAD BAD
  BAD BAD  BAD BAD
  BAD BAD  BAD BAD
  BAD BAD  BAD BAD
  BAD BAD  BAD BAD
  BAD BAD  BAD BAD
  BAD BAD  BAD BAD
  BAD BAD  BAD BAD
  BAD BAD  BAD BAD
  BAD BAD  BAD BAD
  BAD BAD  BAD BAD
  BAD BAD  BAD BAD
  BAD BAD  BAD BAD
  BAD BAD  BAD BAD

[simplify_fixtures/chebymap_inverse_cancel.map  nin=1 nout=1 dir=forward]
  -1000  BAD
  1000  BAD
  0  0
  0  0
  0  0
  -500  BAD
  500  BAD
  -750  BAD
  250  BAD
  -250  BAD
  750  BAD
  -875  BAD
  125  BAD
  -375  BAD
  625  BAD
  -625  BAD
  375  BAD
  -125  BAD
  875  BAD
  -937.5  BAD
  62.5  BAD
  -437.5  BAD
  562.5  BAD
  -687.5  BAD

[simplify_fixtures/chebymap_inverse_cancel.map  nin=1 nout=1 dir=inverse]
  BAD  BAD
  BAD  BAD
  0  0
  0  0
  0  0
  BAD  BAD
  BAD  BAD
  BAD  BAD
  BAD  BAD
  BAD  BAD
  BAD  BAD
  BAD  BAD
  BAD  BAD
  BAD  BAD
  BAD  BAD
  BAD  BAD
  BAD  BAD
  BAD  BAD
  BAD  BAD
  BAD  BAD
  BAD  BAD
  BAD  BAD
  BAD  BAD
  BAD  BAD

[simplify_fixtures/chebymap_inverse_cancel.simp  nin=1 nout=1 dir=forward]
  -1000  -1000
  1000  1000
  0  0
  0  0
  0  0
  -500  -500
  500  500
  -750  -750
  250  250
  -250  -250
  750  750
  -875  -875
  125  125
  -375  -375
  625  625
  -625  -625
  375  375
  -125  -125
  875  875
  -937.5  -937.5
  62.5  62.5
  -437.5  -437.5
  562.5  562.5
  -687.5  -687.5

[simplify_fixtures/chebymap_inverse_cancel.simp  nin=1 nout=1 dir=inverse]
  -1000  -1000
  1000  1000
  0  0
  0  0
  0  0
  -500  -500
  500  500
  -750  -750
  250  250
  -250  -250
  750  750
  -875  -875
  125  125
  -375  -375
  625  625
  -625  -625
  375  375
  -125  -125
  875  875
  -937.5  -937.5
  62.5  62.5
  -437.5  -437.5
  562.5  562.5
  -687.5  -687.5

[simplify_fixtures/cmpmap_decompose_middle.map  nin=4 nout=4 dir=forward]
  -1000 -1000 -1000 -1000  -2000 -3000 -4000 -5000
  1000 1000 1000 1000  2000 3000 4000 5000
  0 0 0 0  0 0 0 0
  0 0 0 0  0 0 0 0
  0 -333.33333333333337 -600 -714.28571428571433  0 -1000.0000000000001 -2400 -3571.4285714285716
  -500 333.33333333333326 -199.99999999999994 -428.57142857142861  -1000 999.99999999999977 -799.99999999999977 -2142.8571428571431
  500 -777.77777777777783 200.00000000000017 -142.85714285714292  1000 -2333.3333333333335 800.00000000000068 -714.28571428571456
  -750 -111.11111111111116 600.00000000000011 142.8571428571428  -1500 -333.33333333333348 2400.0000000000005 714.28571428571399
  250 555.55555555555532 -920 428.57142857142838  500 1666.6666666666661 -3680 2142.8571428571418
  -250 -555.55555555555554 -520 714.28571428571422  -500 -1666.6666666666665 -2080 3571.4285714285711
  750 111.11111111111116 -120 -959.18367346938771  1500 333.33333333333348 -480 -4795.9183673469388
  -875 777.77777777777771 280.00000000000023 -673.46938775510205  -1750 2333.333333333333 1120.0000000000009 -3367.3469387755104
  125 -925.92592592592598 680.00000000000011 -387.75510204081633  250 -2777.7777777777778 2720.0000000000005 -1938.7755102040817
  -375 -259.2592592592593 -840 -102.04081632653062  -750 -777.77777777777783 -3360 -510.20408163265307
  625 407.40740740740745 -439.99999999999994 183.67346938775509  1250 1222.2222222222224 -1759.9999999999998 918.36734693877543
  -625 -703.7037037037037 -39.999999999999922 469.38775510204067  -1250 -2111.1111111111113 -159.99999999999969 2346.9387755102034
  375 -37.037037037037088 360.00000000000011 755.10204081632651  750 -111.11111111111126 1440.0000000000005 3775.5102040816328
  -125 629.62962962962933 760 -918.36734693877554  -250 1888.888888888888 3040 -4591.8367346938776
  875 -481.48148148148152 -760 -632.65306122448987  1750 -1444.4444444444446 -3040 -3163.2653061224491
  -937.5 185.18518518518511 -360 -346.93877551020415  -1875 555.55555555555532 -1440 -1734.6938775510207
  62.5 851.85185185185162 40.000000000000036 -61.224489795918437  125 2555.5555555555547 160.00000000000014 -306.12244897959221
  -437.5 -851.85185185185185 440.00000000000017 224.48979591836738  -875 -2555.5555555555557 1760.0000000000007 1122.4489795918369
  562.5 -185.18518518518522 840.00000000000011 510.20408163265296  1125 -555.55555555555566 3360.0000000000005 2551.0204081632646
  -687.5 481.48148148148141 -680 795.91836734693879  -1375 1444.4444444444443 -2720 3979.591836734694

[simplify_fixtures/cmpmap_decompose_middle.map  nin=4 nout=4 dir=inverse]
  -2000 -3000 -4000 -5000  -1000 -1000 -1000 -1000
  2000 3000 4000 5000  1000 1000 1000 1000
  0 0 0 0  0 0 0 0
  0 0 0 0  0 0 0 0
  0 -1000.0000000000001 -2400 -3571.4285714285716  0 -333.33333333333337 -600 -714.28571428571433
  -1000 999.99999999999977 -799.99999999999977 -2142.8571428571431  -500 333.33333333333326 -199.99999999999994 -428.57142857142867
  1000 -2333.3333333333335 800.00000000000068 -714.28571428571456  500 -777.77777777777783 200.00000000000017 -142.85714285714292
  -1500 -333.33333333333348 2400.0000000000005 714.28571428571399  -750 -111.11111111111116 600.00000000000011 142.8571428571428
  500 1666.6666666666661 -3680 2142.8571428571418  250 555.55555555555532 -920 428.57142857142838
  -500 -1666.6666666666665 -2080 3571.4285714285711  -250 -555.55555555555554 -520 714.28571428571422
  1500 333.33333333333348 -480 -4795.9183673469388  750 111.11111111111116 -120 -959.18367346938783
  -1750 2333.333333333333 1120.0000000000009 -3367.3469387755104  -875 777.77777777777771 280.00000000000023 -673.46938775510216
  250 -2777.7777777777778 2720.0000000000005 -1938.7755102040817  125 -925.92592592592598 680.00000000000011 -387.75510204081638
  -750 -777.77777777777783 -3360 -510.20408163265307  -375 -259.2592592592593 -840 -102.04081632653062
  1250 1222.2222222222224 -1759.9999999999998 918.36734693877543  625 407.40740740740745 -439.99999999999994 183.67346938775509
  -1250 -2111.1111111111113 -159.99999999999969 2346.9387755102034  -625 -703.70370370370381 -39.999999999999922 469.38775510204073
  750 -111.11111111111126 1440.0000000000005 3775.5102040816328  375 -37.037037037037088 360.00000000000011 755.10204081632662
  -250 1888.888888888888 3040 -4591.8367346938776  -125 629.62962962962933 760 -918.36734693877554
  1750 -1444.4444444444446 -3040 -3163.2653061224491  875 -481.48148148148152 -760 -632.65306122448987
  -1875 555.55555555555532 -1440 -1734.6938775510207  -937.5 185.18518518518511 -360 -346.93877551020415
  125 2555.5555555555547 160.00000000000014 -306.12244897959221  62.5 851.85185185185162 40.000000000000036 -61.224489795918444
  -875 -2555.5555555555557 1760.0000000000007 1122.4489795918369  -437.5 -851.85185185185185 440.00000000000017 224.48979591836738
  1125 -555.55555555555566 3360.0000000000005 2551.0204081632646  562.5 -185.18518518518522 840.00000000000011 510.20408163265296
  -1375 1444.4444444444443 -2720 3979.591836734694  -687.5 481.48148148148147 -680 795.91836734693879

[simplify_fixtures/cmpmap_decompose_middle.simp  nin=4 nout=4 dir=forward]
  -1000 -1000 -1000 -1000  -2000 -3000 -4000 -5000
  1000 1000 1000 1000  2000 3000 4000 5000
  0 0 0 0  0 0 0 0
  0 0 0 0  0 0 0 0
  0 -333.33333333333337 -600 -714.28571428571433  0 -1000.0000000000001 -2400 -3571.4285714285716
  -500 333.33333333333326 -199.99999999999994 -428.57142857142861  -1000 999.99999999999977 -799.99999999999977 -2142.8571428571431
  500 -777.77777777777783 200.00000000000017 -142.85714285714292  1000 -2333.3333333333335 800.00000000000068 -714.28571428571456
  -750 -111.11111111111116 600.00000000000011 142.8571428571428  -1500 -333.33333333333348 2400.0000000000005 714.28571428571399
  250 555.55555555555532 -920 428.57142857142838  500 1666.6666666666661 -3680 2142.8571428571418
  -250 -555.55555555555554 -520 714.28571428571422  -500 -1666.6666666666665 -2080 3571.4285714285711
  750 111.11111111111116 -120 -959.18367346938771  1500 333.33333333333348 -480 -4795.9183673469388
  -875 777.77777777777771 280.00000000000023 -673.46938775510205  -1750 2333.333333333333 1120.0000000000009 -3367.3469387755104
  125 -925.92592592592598 680.00000000000011 -387.75510204081633  250 -2777.7777777777778 2720.0000000000005 -1938.7755102040817
  -375 -259.2592592592593 -840 -102.04081632653062  -750 -777.77777777777783 -3360 -510.20408163265307
  625 407.40740740740745 -439.99999999999994 183.67346938775509  1250 1222.2222222222224 -1759.9999999999998 918.36734693877543
  -625 -703.7037037037037 -39.999999999999922 469.38775510204067  -1250 -2111.1111111111113 -159.99999999999969 2346.9387755102034
  375 -37.037037037037088 360.00000000000011 755.10204081632651  750 -111.11111111111126 1440.0000000000005 3775.5102040816328
  -125 629.62962962962933 760 -918.36734693877554  -250 1888.888888888888 3040 -4591.8367346938776
  875 -481.48148148148152 -760 -632.65306122448987  1750 -1444.4444444444446 -3040 -3163.2653061224491
  -937.5 185.18518518518511 -360 -346.93877551020415  -1875 555.55555555555532 -1440 -1734.6938775510207
  62.5 851.85185185185162 40.000000000000036 -61.224489795918437  125 2555.5555555555547 160.00000000000014 -306.12244897959221
  -437.5 -851.85185185185185 440.00000000000017 224.48979591836738  -875 -2555.5555555555557 1760.0000000000007 1122.4489795918369
  562.5 -185.18518518518522 840.00000000000011 510.20408163265296  1125 -555.55555555555566 3360.0000000000005 2551.0204081632646
  -687.5 481.48148148148141 -680 795.91836734693879  -1375 1444.4444444444443 -2720 3979.591836734694

[simplify_fixtures/cmpmap_decompose_middle.simp  nin=4 nout=4 dir=inverse]
  -2000 -3000 -4000 -5000  -1000 -1000 -1000 -1000
  2000 3000 4000 5000  1000 1000 1000 1000
  0 0 0 0  0 0 0 0
  0 0 0 0  0 0 0 0
  0 -1000.0000000000001 -2400 -3571.4285714285716  0 -333.33333333333337 -600 -714.28571428571433
  -1000 999.99999999999977 -799.99999999999977 -2142.8571428571431  -500 333.33333333333326 -199.99999999999994 -428.57142857142867
  1000 -2333.3333333333335 800.00000000000068 -714.28571428571456  500 -777.77777777777783 200.00000000000017 -142.85714285714292
  -1500 -333.33333333333348 2400.0000000000005 714.28571428571399  -750 -111.11111111111116 600.00000000000011 142.8571428571428
  500 1666.6666666666661 -3680 2142.8571428571418  250 555.55555555555532 -920 428.57142857142838
  -500 -1666.6666666666665 -2080 3571.4285714285711  -250 -555.55555555555554 -520 714.28571428571422
  1500 333.33333333333348 -480 -4795.9183673469388  750 111.11111111111116 -120 -959.18367346938783
  -1750 2333.333333333333 1120.0000000000009 -3367.3469387755104  -875 777.77777777777771 280.00000000000023 -673.46938775510216
  250 -2777.7777777777778 2720.0000000000005 -1938.7755102040817  125 -925.92592592592598 680.00000000000011 -387.75510204081638
  -750 -777.77777777777783 -3360 -510.20408163265307  -375 -259.2592592592593 -840 -102.04081632653062
  1250 1222.2222222222224 -1759.9999999999998 918.36734693877543  625 407.40740740740745 -439.99999999999994 183.67346938775509
  -1250 -2111.1111111111113 -159.99999999999969 2346.9387755102034  -625 -703.70370370370381 -39.999999999999922 469.38775510204073
  750 -111.11111111111126 1440.0000000000005 3775.5102040816328  375 -37.037037037037088 360.00000000000011 755.10204081632662
  -250 1888.888888888888 3040 -4591.8367346938776  -125 629.62962962962933 760 -918.36734693877554
  1750 -1444.4444444444446 -3040 -3163.2653061224491  875 -481.48148148148152 -760 -632.65306122448987
  -1875 555.55555555555532 -1440 -1734.6938775510207  -937.5 185.18518518518511 -360 -346.93877551020415
  125 2555.5555555555547 160.00000000000014 -306.12244897959221  62.5 851.85185185185162 40.000000000000036 -61.224489795918444
  -875 -2555.5555555555557 1760.0000000000007 1122.4489795918369  -437.5 -851.85185185185185 440.00000000000017 224.48979591836738
  1125 -555.55555555555566 3360.0000000000005 2551.0204081632646  562.5 -185.18518518518522 840.00000000000011 510.20408163265296
  -1375 1444.4444444444443 -2720 3979.591836734694  -687.5 481.48148148148147 -680 795.91836734693879

[simplify_fixtures/cmpmap_nested_inverse_cancel.map  nin=2 nout=2 dir=forward]
  -1000 -1000  -1000 -1000
  1000 1000  1000 1000
  0 0  0 0
  0 0  0 0
  0 -333.33333333333337  0 -333.33333333333337
  -500 333.33333333333326  -500 333.33333333333326
  500 -777.77777777777783  500 -777.77777777777783
  -750 -111.11111111111116  -750 -111.11111111111116
  250 555.55555555555532  250 555.55555555555532
  -250 -555.55555555555554  -250 -555.55555555555543
  750 111.11111111111116  750 111.11111111111116
  -875 777.77777777777771  -875 777.7777777777776
  125 -925.92592592592598  125 -925.92592592592587
  -375 -259.2592592592593  -375 -259.25925925925924
  625 407.40740740740745  625 407.40740740740745
  -625 -703.7037037037037  -625 -703.7037037037037
  375 -37.037037037037088  375 -37.037037037037081
  -125 629.62962962962933  -125 629.62962962962933
  875 -481.48148148148152  875 -481.48148148148152
  -937.5 185.18518518518511  -937.5 185.18518518518511
  62.5 851.85185185185162  62.5 851.85185185185151
  -437.5 -851.85185185185185  -437.5 -851.85185185185185
  562.5 -185.18518518518522  562.5 -185.18518518518522
  -687.5 481.48148148148141  -687.5 481.48148148148141

[simplify_fixtures/cmpmap_nested_inverse_cancel.map  nin=2 nout=2 dir=inverse]
  -1000 -1000  -1000 -1000
  1000 1000  1000 1000
  0 0  0 0
  0 0  0 0
  0 -333.33333333333337  0 -333.33333333333337
  -500 333.33333333333326  -500 333.33333333333326
  500 -777.77777777777783  500 -777.77777777777783
  -750 -111.11111111111116  -750 -111.11111111111116
  250 555.55555555555532  250 555.55555555555532
  -250 -555.55555555555543  -250 -555.55555555555543
  750 111.11111111111116  750 111.11111111111116
  -875 777.7777777777776  -875 777.7777777777776
  125 -925.92592592592587  125 -925.92592592592575
  -375 -259.25925925925924  -375 -259.25925925925924
  625 407.40740740740745  625 407.40740740740745
  -625 -703.7037037037037  -625 -703.7037037037037
  375 -37.037037037037081  375 -37.037037037037081
  -125 629.62962962962933  -125 629.62962962962933
  875 -481.48148148148152  875 -481.48148148148152
  -937.5 185.18518518518511  -937.5 185.18518518518511
  62.5 851.85185185185151  62.5 851.85185185185151
  -437.5 -851.85185185185185  -437.5 -851.85185185185185
  562.5 -185.18518518518522  562.5 -185.18518518518522
  -687.5 481.48148148148141  -687.5 481.48148148148141

[simplify_fixtures/cmpmap_nested_inverse_cancel.simp  nin=2 nout=2 dir=forward]
  -1000 -1000  -1000 -1000
  1000 1000  1000 1000
  0 0  0 0
  0 0  0 0
  0 -333.33333333333337  0 -333.33333333333337
  -500 333.33333333333326  -500 333.33333333333326
  500 -777.77777777777783  500 -777.77777777777783
  -750 -111.11111111111116  -750 -111.11111111111116
  250 555.55555555555532  250 555.55555555555532
  -250 -555.55555555555554  -250 -555.55555555555554
  750 111.11111111111116  750 111.11111111111116
  -875 777.77777777777771  -875 777.77777777777771
  125 -925.92592592592598  125 -925.92592592592598
  -375 -259.2592592592593  -375 -259.2592592592593
  625 407.40740740740745  625 407.40740740740745
  -625 -703.7037037037037  -625 -703.7037037037037
  375 -37.037037037037088  375 -37.037037037037088
  -125 629.62962962962933  -125 629.62962962962933
  875 -481.48148148148152  875 -481.48148148148152
  -937.5 185.18518518518511  -937.5 185.18518518518511
  62.5 851.85185185185162  62.5 851.85185185185162
  -437.5 -851.85185185185185  -437.5 -851.85185185185185
  562.5 -185.18518518518522  562.5 -185.18518518518522
  -687.5 481.48148148148141  -687.5 481.48148148148141

[simplify_fixtures/cmpmap_nested_inverse_cancel.simp  nin=2 nout=2 dir=inverse]
  -1000 -1000  -1000 -1000
  1000 1000  1000 1000
  0 0  0 0
  0 0  0 0
  0 -333.33333333333337  0 -333.33333333333337
  -500 333.33333333333326  -500 333.33333333333326
  500 -777.77777777777783  500 -777.77777777777783
  -750 -111.11111111111116  -750 -111.11111111111116
  250 555.55555555555532  250 555.55555555555532
  -250 -555.55555555555554  -250 -555.55555555555554
  750 111.11111111111116  750 111.11111111111116
  -875 777.77777777777771  -875 777.77777777777771
  125 -925.92592592592598  125 -925.92592592592598
  -375 -259.2592592592593  -375 -259.2592592592593
  625 407.40740740740745  625 407.40740740740745
  -625 -703.7037037037037  -625 -703.7037037037037
  375 -37.037037037037088  375 -37.037037037037088
  -125 629.62962962962933  -125 629.62962962962933
  875 -481.48148148148152  875 -481.48148148148152
  -937.5 185.18518518518511  -937.5 185.18518518518511
  62.5 851.85185185185162  62.5 851.85185185185162
  -437.5 -851.85185185185185  -437.5 -851.85185185185185
  562.5 -185.18518518518522  562.5 -185.18518518518522
  -687.5 481.48148148148141  -687.5 481.48148148148141

[simplify_fixtures/cmpmap_nested_parallel_flatten.map  nin=3 nout=3 dir=forward]
  -1000 -1000 -1000  -2000 -3000 -5000
  1000 1000 1000  2000 3000 5000
  0 0 0  0 0 0
  0 0 0  0 0 0
  0 -333.33333333333337 -600  0 -1000.0000000000001 -3000
  -500 333.33333333333326 -199.99999999999994  -1000 999.99999999999977 -999.99999999999977
  500 -777.77777777777783 200.00000000000017  1000 -2333.3333333333335 1000.0000000000009
  -750 -111.11111111111116 600.00000000000011  -1500 -333.33333333333348 3000.0000000000005
  250 555.55555555555532 -920  500 1666.6666666666661 -4600
  -250 -555.55555555555554 -520  -500 -1666.6666666666665 -2600
  750 111.11111111111116 -120  1500 333.33333333333348 -600
  -875 777.77777777777771 280.00000000000023  -1750 2333.333333333333 1400.0000000000011
  125 -925.92592592592598 680.00000000000011  250 -2777.7777777777778 3400.0000000000005
  -375 -259.2592592592593 -840  -750 -777.77777777777783 -4200
  625 407.40740740740745 -439.99999999999994  1250 1222.2222222222224 -2199.9999999999995
  -625 -703.7037037037037 -39.999999999999922  -1250 -2111.1111111111113 -199.9999999999996
  375 -37.037037037037088 360.00000000000011  750 -111.11111111111126 1800.0000000000005
  -125 629.62962962962933 760  -250 1888.888888888888 3800
  875 -481.48148148148152 -760  1750 -1444.4444444444446 -3800
  -937.5 185.18518518518511 -360  -1875 555.55555555555532 -1800
  62.5 851.85185185185162 40.000000000000036  125 2555.5555555555547 200.00000000000017
  -437.5 -851.85185185185185 440.00000000000017  -875 -2555.5555555555557 2200.0000000000009
  562.5 -185.18518518518522 840.00000000000011  1125 -555.55555555555566 4200.0000000000009
  -687.5 481.48148148148141 -680  -1375 1444.4444444444443 -3400

[simplify_fixtures/cmpmap_nested_parallel_flatten.map  nin=3 nout=3 dir=inverse]
  -2000 -3000 -5000  -1000 -1000 -1000
  2000 3000 5000  1000 1000 1000
  0 0 0  0 0 0
  0 0 0  0 0 0
  0 -1000.0000000000001 -3000  0 -333.33333333333337 -600
  -1000 999.99999999999977 -999.99999999999977  -500 333.33333333333326 -199.99999999999997
  1000 -2333.3333333333335 1000.0000000000009  500 -777.77777777777783 200.0000000000002
  -1500 -333.33333333333348 3000.0000000000005  -750 -111.11111111111116 600.00000000000011
  500 1666.6666666666661 -4600  250 555.55555555555532 -920
  -500 -1666.6666666666665 -2600  -250 -555.55555555555543 -520
  1500 333.33333333333348 -600  750 111.11111111111116 -120
  -1750 2333.333333333333 1400.0000000000011  -875 777.7777777777776 280.00000000000023
  250 -2777.7777777777778 3400.0000000000005  125 -925.92592592592587 680.00000000000011
  -750 -777.77777777777783 -4200  -375 -259.25925925925924 -840
  1250 1222.2222222222224 -2199.9999999999995  625 407.40740740740745 -439.99999999999994
  -1250 -2111.1111111111113 -199.9999999999996  -625 -703.7037037037037 -39.999999999999922
  750 -111.11111111111126 1800.0000000000005  375 -37.037037037037081 360.00000000000011
  -250 1888.888888888888 3800  -125 629.62962962962933 760
  1750 -1444.4444444444446 -3800  875 -481.48148148148152 -760
  -1875 555.55555555555532 -1800  -937.5 185.18518518518511 -360
  125 2555.5555555555547 200.00000000000017  62.5 851.85185185185151 40.000000000000036
  -875 -2555.5555555555557 2200.0000000000009  -437.5 -851.85185185185185 440.00000000000023
  1125 -555.55555555555566 4200.0000000000009  562.5 -185.18518518518522 840.00000000000023
  -1375 1444.4444444444443 -3400  -687.5 481.48148148148141 -680

[simplify_fixtures/cmpmap_nested_parallel_flatten.simp  nin=3 nout=3 dir=forward]
  -1000 -1000 -1000  -2000 -3000 -5000
  1000 1000 1000  2000 3000 5000
  0 0 0  0 0 0
  0 0 0  0 0 0
  0 -333.33333333333337 -600  0 -1000.0000000000001 -3000
  -500 333.33333333333326 -199.99999999999994  -1000 999.99999999999977 -999.99999999999977
  500 -777.77777777777783 200.00000000000017  1000 -2333.3333333333335 1000.0000000000009
  -750 -111.11111111111116 600.00000000000011  -1500 -333.33333333333348 3000.0000000000005
  250 555.55555555555532 -920  500 1666.6666666666661 -4600
  -250 -555.55555555555554 -520  -500 -1666.6666666666665 -2600
  750 111.11111111111116 -120  1500 333.33333333333348 -600
  -875 777.77777777777771 280.00000000000023  -1750 2333.333333333333 1400.0000000000011
  125 -925.92592592592598 680.00000000000011  250 -2777.7777777777778 3400.0000000000005
  -375 -259.2592592592593 -840  -750 -777.77777777777783 -4200
  625 407.40740740740745 -439.99999999999994  1250 1222.2222222222224 -2199.9999999999995
  -625 -703.7037037037037 -39.999999999999922  -1250 -2111.1111111111113 -199.9999999999996
  375 -37.037037037037088 360.00000000000011  750 -111.11111111111126 1800.0000000000005
  -125 629.62962962962933 760  -250 1888.888888888888 3800
  875 -481.48148148148152 -760  1750 -1444.4444444444446 -3800
  -937.5 185.18518518518511 -360  -1875 555.55555555555532 -1800
  62.5 851.85185185185162 40.000000000000036  125 2555.5555555555547 200.00000000000017
  -437.5 -851.85185185185185 440.00000000000017  -875 -2555.5555555555557 2200.0000000000009
  562.5 -185.18518518518522 840.00000000000011  1125 -555.55555555555566 4200.0000000000009
  -687.5 481.48148148148141 -680  -1375 1444.4444444444443 -3400

[simplify_fixtures/cmpmap_nested_parallel_flatten.simp  nin=3 nout=3 dir=inverse]
  -2000 -3000 -5000  -1000 -1000 -1000
  2000 3000 5000  1000 1000 1000
  0 0 0  0 0 0
  0 0 0  0 0 0
  0 -1000.0000000000001 -3000  0 -333.33333333333337 -600
  -1000 999.99999999999977 -999.99999999999977  -500 333.33333333333326 -199.99999999999997
  1000 -2333.3333333333335 1000.0000000000009  500 -777.77777777777783 200.0000000000002
  -1500 -333.33333333333348 3000.0000000000005  -750 -111.11111111111116 600.00000000000011
  500 1666.6666666666661 -4600  250 555.55555555555532 -920
  -500 -1666.6666666666665 -2600  -250 -555.55555555555543 -520
  1500 333.33333333333348 -600  750 111.11111111111116 -120
  -1750 2333.333333333333 1400.0000000000011  -875 777.7777777777776 280.00000000000023
  250 -2777.7777777777778 3400.0000000000005  125 -925.92592592592587 680.00000000000011
  -750 -777.77777777777783 -4200  -375 -259.25925925925924 -840
  1250 1222.2222222222224 -2199.9999999999995  625 407.40740740740745 -439.99999999999994
  -1250 -2111.1111111111113 -199.9999999999996  -625 -703.7037037037037 -39.999999999999922
  750 -111.11111111111126 1800.0000000000005  375 -37.037037037037081 360.00000000000011
  -250 1888.888888888888 3800  -125 629.62962962962933 760
  1750 -1444.4444444444446 -3800  875 -481.48148148148152 -760
  -1875 555.55555555555532 -1800  -937.5 185.18518518518511 -360
  125 2555.5555555555547 200.00000000000017  62.5 851.85185185185151 40.000000000000036
  -875 -2555.5555555555557 2200.0000000000009  -437.5 -851.85185185185185 440.00000000000023
  1125 -555.55555555555566 4200.0000000000009  562.5 -185.18518518518522 840.00000000000023
  -1375 1444.4444444444443 -3400  -687.5 481.48148148148141 -680

[simplify_fixtures/cmpmap_parallel_in_series_merge.map  nin=2 nout=2 dir=forward]
  -1000 -1000  -1000 -1000
  1000 1000  1000 1000
  0 0  0 0
  0 0  0 0
  0 -333.33333333333337  0 -333.33333333333337
  -500 333.33333333333326  -500 333.33333333333326
  500 -777.77777777777783  500 -777.77777777777783
  -750 -111.11111111111116  -750 -111.11111111111116
  250 555.55555555555532  250 555.55555555555532
  -250 -555.55555555555554  -250 -555.55555555555554
  750 111.11111111111116  750 111.11111111111116
  -875 777.77777777777771  -875 777.77777777777771
  125 -925.92592592592598  125 -925.92592592592598
  -375 -259.2592592592593  -375 -259.2592592592593
  625 407.40740740740745  625 407.40740740740745
  -625 -703.7037037037037  -625 -703.70370370370381
  375 -37.037037037037088  375 -37.037037037037088
  -125 629.62962962962933  -125 629.62962962962933
  875 -481.48148148148152  875 -481.48148148148152
  -937.5 185.18518518518511  -937.5 185.18518518518511
  62.5 851.85185185185162  62.5 851.85185185185162
  -437.5 -851.85185185185185  -437.5 -851.85185185185185
  562.5 -185.18518518518522  562.5 -185.18518518518522
  -687.5 481.48148148148141  -687.5 481.48148148148147

[simplify_fixtures/cmpmap_parallel_in_series_merge.map  nin=2 nout=2 dir=inverse]
  -1000 -1000  -1000 -1000
  1000 1000  1000 1000
  0 0  0 0
  0 0  0 0
  0 -333.33333333333337  0 -333.33333333333337
  -500 333.33333333333326  -500 333.33333333333326
  500 -777.77777777777783  500 -777.77777777777783
  -750 -111.11111111111116  -750 -111.11111111111116
  250 555.55555555555532  250 555.55555555555532
  -250 -555.55555555555554  -250 -555.55555555555554
  750 111.11111111111116  750 111.11111111111116
  -875 777.77777777777771  -875 777.77777777777771
  125 -925.92592592592598  125 -925.92592592592598
  -375 -259.2592592592593  -375 -259.2592592592593
  625 407.40740740740745  625 407.40740740740745
  -625 -703.70370370370381  -625 -703.70370370370381
  375 -37.037037037037088  375 -37.037037037037088
  -125 629.62962962962933  -125 629.62962962962933
  875 -481.48148148148152  875 -481.48148148148152
  -937.5 185.18518518518511  -937.5 185.18518518518511
  62.5 851.85185185185162  62.5 851.85185185185162
  -437.5 -851.85185185185185  -437.5 -851.85185185185185
  562.5 -185.18518518518522  562.5 -185.18518518518522
  -687.5 481.48148148148147  -687.5 481.48148148148147

[simplify_fixtures/cmpmap_parallel_in_series_merge.simp  nin=2 nout=2 dir=forward]
  -1000 -1000  -1000 -1000
  1000 1000  1000 1000
  0 0  0 0
  0 0  0 0
  0 -333.33333333333337  0 -333.33333333333337
  -500 333.33333333333326  -500 333.33333333333326
  500 -777.77777777777783  500 -777.77777777777783
  -750 -111.11111111111116  -750 -111.11111111111116
  250 555.55555555555532  250 555.55555555555532
  -250 -555.55555555555554  -250 -555.55555555555554
  750 111.11111111111116  750 111.11111111111116
  -875 777.77777777777771  -875 777.77777777777771
  125 -925.92592592592598  125 -925.92592592592598
  -375 -259.2592592592593  -375 -259.2592592592593
  625 407.40740740740745  625 407.40740740740745
  -625 -703.7037037037037  -625 -703.7037037037037
  375 -37.037037037037088  375 -37.037037037037088
  -125 629.62962962962933  -125 629.62962962962933
  875 -481.48148148148152  875 -481.48148148148152
  -937.5 185.18518518518511  -937.5 185.18518518518511
  62.5 851.85185185185162  62.5 851.85185185185162
  -437.5 -851.85185185185185  -437.5 -851.85185185185185
  562.5 -185.18518518518522  562.5 -185.18518518518522
  -687.5 481.48148148148141  -687.5 481.48148148148141

[simplify_fixtures/cmpmap_parallel_in_series_merge.simp  nin=2 nout=2 dir=inverse]
  -1000 -1000  -1000 -1000
  1000 1000  1000 1000
  0 0  0 0
  0 0  0 0
  0 -333.33333333333337  0 -333.33333333333337
  -500 333.33333333333326  -500 333.33333333333326
  500 -777.77777777777783  500 -777.77777777777783
  -750 -111.11111111111116  -750 -111.11111111111116
  250 555.55555555555532  250 555.55555555555532
  -250 -555.55555555555554  -250 -555.55555555555554
  750 111.11111111111116  750 111.11111111111116
  -875 777.77777777777771  -875 777.77777777777771
  125 -925.92592592592598  125 -925.92592592592598
  -375 -259.2592592592593  -375 -259.2592592592593
  625 407.40740740740745  625 407.40740740740745
  -625 -703.7037037037037  -625 -703.7037037037037
  375 -37.037037037037088  375 -37.037037037037088
  -125 629.62962962962933  -125 629.62962962962933
  875 -481.48148148148152  875 -481.48148148148152
  -937.5 185.18518518518511  -937.5 185.18518518518511
  62.5 851.85185185185162  62.5 851.85185185185162
  -437.5 -851.85185185185185  -437.5 -851.85185185185185
  562.5 -185.18518518518522  562.5 -185.18518518518522
  -687.5 481.48148148148141  -687.5 481.48148148148141

[simplify_fixtures/cmpmap_parallel_series_components.map  nin=2 nout=2 dir=forward]
  -1000 -1000  -6000 -988
  1000 1000  6000 1012
  0 0  0 12
  0 0  0 12
  0 -333.33333333333337  0 -321.33333333333337
  -500 333.33333333333326  -3000 345.33333333333326
  500 -777.77777777777783  3000 -765.77777777777783
  -750 -111.11111111111116  -4500 -99.111111111111157
  250 555.55555555555532  1500 567.55555555555532
  -250 -555.55555555555554  -1500 -543.55555555555554
  750 111.11111111111116  4500 123.11111111111116
  -875 777.77777777777771  -5250 789.77777777777771
  125 -925.92592592592598  750 -913.92592592592598
  -375 -259.2592592592593  -2250 -247.2592592592593
  625 407.40740740740745  3750 419.40740740740745
  -625 -703.7037037037037  -3750 -691.7037037037037
  375 -37.037037037037088  2250 -25.037037037037088
  -125 629.62962962962933  -750 641.62962962962933
  875 -481.48148148148152  5250 -469.48148148148152
  -937.5 185.18518518518511  -5625 197.18518518518511
  62.5 851.85185185185162  375 863.85185185185162
  -437.5 -851.85185185185185  -2625 -839.85185185185185
  562.5 -185.18518518518522  3375 -173.18518518518522
  -687.5 481.48148148148141  -4125 493.48148148148141

[simplify_fixtures/cmpmap_parallel_series_components.map  nin=2 nout=2 dir=inverse]
  -6000 -988  -1000 -1000
  6000 1012  1000 1000
  0 12  0 0
  0 12  0 0
  0 -321.33333333333337  0 -333.33333333333337
  -3000 345.33333333333326  -500 333.33333333333326
  3000 -765.77777777777783  500 -777.77777777777783
  -4500 -99.111111111111157  -750 -111.11111111111116
  1500 567.55555555555532  250 555.55555555555532
  -1500 -543.55555555555554  -250 -555.55555555555554
  4500 123.11111111111116  750 111.11111111111116
  -5250 789.77777777777771  -875 777.77777777777771
  750 -913.92592592592598  125 -925.92592592592598
  -2250 -247.2592592592593  -375 -259.2592592592593
  3750 419.40740740740745  625 407.40740740740745
  -3750 -691.7037037037037  -625 -703.7037037037037
  2250 -25.037037037037088  375 -37.037037037037088
  -750 641.62962962962933  -125 629.62962962962933
  5250 -469.48148148148152  875 -481.48148148148152
  -5625 197.18518518518511  -937.5 185.18518518518511
  375 863.85185185185162  62.5 851.85185185185162
  -2625 -839.85185185185185  -437.5 -851.85185185185185
  3375 -173.18518518518522  562.5 -185.18518518518522
  -4125 493.48148148148141  -687.5 481.48148148148141

[simplify_fixtures/cmpmap_parallel_series_components.simp  nin=2 nout=2 dir=forward]
  -1000 -1000  -6000 -988
  1000 1000  6000 1012
  0 0  0 12
  0 0  0 12
  0 -333.33333333333337  0 -321.33333333333337
  -500 333.33333333333326  -3000 345.33333333333326
  500 -777.77777777777783  3000 -765.77777777777783
  -750 -111.11111111111116  -4500 -99.111111111111157
  250 555.55555555555532  1500 567.55555555555532
  -250 -555.55555555555554  -1500 -543.55555555555554
  750 111.11111111111116  4500 123.11111111111116
  -875 777.77777777777771  -5250 789.77777777777771
  125 -925.92592592592598  750 -913.92592592592598
  -375 -259.2592592592593  -2250 -247.2592592592593
  625 407.40740740740745  3750 419.40740740740745
  -625 -703.7037037037037  -3750 -691.7037037037037
  375 -37.037037037037088  2250 -25.037037037037088
  -125 629.62962962962933  -750 641.62962962962933
  875 -481.48148148148152  5250 -469.48148148148152
  -937.5 185.18518518518511  -5625 197.18518518518511
  62.5 851.85185185185162  375 863.85185185185162
  -437.5 -851.85185185185185  -2625 -839.85185185185185
  562.5 -185.18518518518522  3375 -173.18518518518522
  -687.5 481.48148148148141  -4125 493.48148148148141

[simplify_fixtures/cmpmap_parallel_series_components.simp  nin=2 nout=2 dir=inverse]
  -6000 -988  -1000 -1000
  6000 1012  1000 1000
  0 12  0 0
  0 12  0 0
  0 -321.33333333333337  0 -333.33333333333337
  -3000 345.33333333333326  -500 333.33333333333326
  3000 -765.77777777777783  500 -777.77777777777783
  -4500 -99.111111111111157  -750 -111.11111111111116
  1500 567.55555555555532  250 555.55555555555532
  -1500 -543.55555555555554  -250 -555.55555555555554
  4500 123.11111111111116  750 111.11111111111116
  -5250 789.77777777777771  -875 777.77777777777771
  750 -913.92592592592598  125 -925.92592592592598
  -2250 -247.2592592592593  -375 -259.2592592592593
  3750 419.40740740740745  625 407.40740740740745
  -3750 -691.7037037037037  -625 -703.7037037037037
  2250 -25.037037037037088  375 -37.037037037037088
  -750 641.62962962962933  -125 629.62962962962933
  5250 -469.48148148148152  875 -481.48148148148152
  -5625 197.18518518518511  -937.5 185.18518518518511
  375 863.85185185185162  62.5 851.85185185185162
  -2625 -839.85185185185185  -437.5 -851.85185185185185
  3375 -173.18518518518522  562.5 -185.18518518518522
  -4125 493.48148148148141  -687.5 481.48148148148141

[simplify_fixtures/cmpmap_parallel_series_dim_mismatch.map  nin=3 nout=3 dir=forward]
  -1000 -1000 -1000  -500 -1500 -1333.3333333333333
  1000 1000 1000  500 1500 1333.3333333333333
  0 0 0  0 0 0
  0 0 0  0 0 0
  0 -333.33333333333337 -600  0 -500.00000000000006 -800
  -500 333.33333333333326 -199.99999999999994  -250 499.99999999999989 -266.66666666666657
  500 -777.77777777777783 200.00000000000017  250 -1166.6666666666667 266.66666666666691
  -750 -111.11111111111116 600.00000000000011  -375 -166.66666666666674 800.00000000000011
  250 555.55555555555532 -920  125 833.33333333333303 -1226.6666666666667
  -250 -555.55555555555554 -520  -125 -833.33333333333326 -693.33333333333337
  750 111.11111111111116 -120  375 166.66666666666674 -160
  -875 777.77777777777771 280.00000000000023  -437.5 1166.6666666666665 373.33333333333366
  125 -925.92592592592598 680.00000000000011  62.5 -1388.8888888888889 906.66666666666686
  -375 -259.2592592592593 -840  -187.5 -388.88888888888891 -1120
  625 407.40740740740745 -439.99999999999994  312.5 611.1111111111112 -586.66666666666663
  -625 -703.7037037037037 -39.999999999999922  -312.5 -1055.5555555555557 -53.333333333333229
  375 -37.037037037037088 360.00000000000011  187.5 -55.555555555555628 480.00000000000017
  -125 629.62962962962933 760  -62.5 944.444444444444 1013.3333333333334
  875 -481.48148148148152 -760  437.5 -722.22222222222229 -1013.3333333333334
  -937.5 185.18518518518511 -360  -468.75 277.77777777777766 -480
  62.5 851.85185185185162 40.000000000000036  31.25 1277.7777777777774 53.333333333333378
